464472349717
320376817236
684469025908
605762779593
64493432352
730829165455
80780995307
351591735600
363812955954
406825904104
354356880054
184963284174
485608013661
258174857956
885492568140
720563216346
833556425482
110944871110
813659766984
331340930438
325420781328
554810957459
775412563984
238640342784
128464536281
355909810104
581022952937
483443762743
207927507586
401217923469
661272482112
571923143071
513283839972
193497767289
848989331976
534139283339
170836678627
262186982388
726048525259
424641835671
232237585248
172551022156
226602005066
66786523338
923990778620
659161263493
182133032233
638685320064
701608995872
770720925095
753057432539
130627623176
669930026415
905948827583
87234286859
950943704218
760671815547
800296931264
280130619875
100985133954
844122438766
186849896579
257540502736
820412815923
98177371458
634547435135
798178848778
492939664433
745449593442
576486309970
164363203282
179131376978
465215460735
138792312248
113426887883
457894894211
899484590607
105395228940
989792988480
486777928423
32745529724
499861879476
33385365972
255822663313
36133037605
889859435960
171229414842
890449720637
745855463101
666640817066
178280097715
112470884516
457977914038
306827655060
654686018062
838029410122
224892369885
448604297097
371277919344
984563311404